0100010110001001011100111
0100100000111011011100101
1101100011100101111010110
1110000000100001100001000
1100100100111001011011101
1110010111001110100110110
1111110001100010001100101
0110000110111000111001100
0101101000111000101110110
0011000011111101110111001
0000011000101100111100010
1101100111100011110101110
1101000101001001110010110
1000100100001010111011110
1111000100001001011111010
0010111100010100110010001
0000110011000000000011000
1001101000110110100001011
1001010111011101100100000
1001001000100000111000111
1001000111100100001010001
0100110011111100001000010
0011110100100011011000100
1001011011111011000010110
0101101110101000011010110
1110000011100011111011111
0100110001111001111100010
1001111011110011011010001
0101011110011001011101100
1110100000001111011111010
0110010101111111010010001
1111110111100011011101011
1001001001000110011111010
0010000100000100101010001
0110001001001110010010000
1110111010010110011101001
0010111011000011100100010
0011110110000000010010010
0000010010010010100111001
1100010001100101001110010
1001101001011111000010101
1111101011001101100000111
0011010111101111010011001
0110101010101001111101111
1110001011011110110010000
0010111110001001101110101
1011011010010000001111111
1100110101100000010110010
1011111001110010000111100
0110111110011001000001000
0011110011100000000011110
1001010110100010010010111
1011111111011100101001111
1100011100110000011100010
1001000111000011011011010
1101101010100010100111101
0000111110101011100111100
0000110110000001010111101
0111000100110111101111001
0001100110010000101011000
0100100000010001011100100
0100011101110001001010100
1001110010111000111011101
0000011011011011111100110
