1100011011011011001000011
0011111001010000010001010
0111101001101101011001101
1010101100000001110100111
0110100110010000001010011
1101001100011110110110100
0011011101000110001011111
1011000000110000111000110
0101011110110011001111011
0110000010101001101111011
1010110000010101010000100
0110110010000001000010010
1011011110111100100011001
0000111101101101010000101
1010101101110011101101100
1001110101110100000110111
0101011100110000100100000
1100111000001100001100100
0111011100001100110101011
1011111111111100010001011
1100010100001111001110100
0101110010101000110110001
0111000101011011111000111
1111000111000101011001010
0101000011000101101011110
0000100100100001001000011
1100101001011111011110110
1011100001010011110010111
0000101001111111011010101
0100100111000101100001011
0010111110010011011110100
0011000100101000101010100
1110000010011110100110111
1010100011010010111110001
1011101110000100110010111
0001111110111110101001101
1011011010010111111111001
0100101000001001010100110
0101111110111000000101100
0111001001000000100001100
1000011111010111100101100
0100011100000111100001100
1011101111111101101011111
0100011100001110110100010
0010101111011001111101001
1100000001101110100010101
1011010001100010100101101
1000010100101001100000010
1110110010010111011000111
0010011000110100111000000
0101000000010001011101011
0100011101001100110101111
0110011101010000100111010
1100000001001000110011010
1111000000100100011010010
1010000100010100110001100
1001000010011000100100000
0010100011000100101010110
0011011011010001010010000
1000000110100111110110100
0111011110010010001010010
1001011000011000110010011
0111110010110001111111101
1101011101111100101010110
