0011110100011110101100000
0010110011100100010001110
0100011111110011000110110
1001000000110001011100001
0101000110111101000100100
0110111000000000010111100
0101110011100111100111111
1100010000010101101111000
1010111010111100110011110
1010010111111100011011111
0100011101101100100001101
1110001101101011101110000
0101011011111100111011111
1011100111101111100110000
1110011100111110111110111
0100001001110001000110111
1010101111100010110001111
0010011011111010100001011
1110100000011010100101000
0100100000110101011001111
1010101010010100111111100
1011110110011111011111101
0100100100111011000101000
1011110001001000011101010
1011110111111000010000010
1011110100101000001011001
0000101111101001010011110
1010111101010001010110000
1111100010001111110000011
0001101111111000001010000
0011100010111100101100101
0110001000001010100110010
1001100010001010000100101
0010011010011001101000010
1010100010111101100100110
0110010010000110010001010
0110010001101110110100000
1111011011111110000111101
1000010111110101001000100
0000001001111111001001001
0001000110001001011011010
0001000101100010100110010
1111001111111010000011110
1001010011000111000000111
0010100001111111001100010
0011100011100000001010101
0011100110010011011000100
0010101100011010110010100
1011100111010010011100000
0010101100110001000101001
1001001011110010010110010
0111000100111010000010111
1101111111100011110111001
1000011001100000010000101
1100000110011101010100011
0010110101000001001000010
1010101110101111010110000
0100010110110110101011110
0100100111111011000111001
1111110111100001001000111
1110100011001110011100000
0001001001011001010011101
0000101000111110001000010
1000100010111111011011101
